-112.512 -132.497
-115.171 -91.5715
-115.171 -49.8319
-115.171 -8.09234
-115.171 33.6472
-112.512 71.9365
-112.512 113.676
-103.657 117.503
-81.9161 86.735
-61.0034 55.8975
-37.404 27.7644
-13.9159 0.863577
11.2188 -23.8927
35.7254 -47.9364
60.6846 -73.2532
83.6257 -94.544
110.803 -105.011
120.303 -65.8785
127.557 -25.3175
132.169 15.6856
133.89 57.0629
134.829 98.6048
127.158 116.319
100.961 92.6852
74.6155 68.8586
50.701 41.031
27.1562 15.0271
1.22365 -8.77556
-25.0744 -32.6529
-48.9669 -56.9609
-71.2254 -85.2888
-91.2353 -111.795
