-142.171 -126.036
-130.804 -111.789
-120.732 -96.5808
-110.199 -81.6624
-99.2858 -66.9968
-88.8946 -51.9935
-79.4592 -36.4519
-70.0537 -20.8738
-61.1518 -5.00532
-53.3008 11.299
-42.2481 25.5931
-31.8327 40.5888
-22.3042 56.0786
-12.0624 71.171
-1.29439 85.9141
8.52309 101.142
16.9202 117.262
26.1303 123.964
30.9715 106.894
38.6126 90.6296
44.7335 73.5914
50.7992 56.5353
58.0013 39.9332
65.8486 23.5601
72.5038 6.76994
77.0577 -10.7146
83.4319 -27.6245
89.5189 -44.5805
93.1235 -61.884
98.7398 -79.0119
103.049 -96.3882
107.829 -113.333
