55.0077 125.357
55.0077 117.254
55.0077 109.15
55.0077 101.046
55.0077 92.9428
55.0077 84.8391
55.0077 76.7355
55.0077 68.6318
55.0077 60.5282
55.0077 52.4245
55.0077 44.3208
55.0077 36.2172
55.0077 28.1135
55.0077 20.0099
55.0077 11.9062
55.0077 3.80255
55.0077 -4.30111
55.0077 -12.4048
55.0077 -20.5084
55.0077 -28.6121
55.0077 -36.7157
55.0077 -44.8194
55.0077 -52.9231
-10.7713 -60.8079
-69.9923 -68.7145
-69.9923 -76.8181
-139.459 -84.4786
-194.992 -92.2279
-194.992 -100.332
-194.992 -108.435
-194.992 -116.539
-194.992 -124.643
