-33.3224 -172.999
-33.3224 -159.397
-33.3224 -145.795
-33.3224 -132.193
-36.2155 -118.746
-38.0809 -105.2
-39.8936 -91.6487
-41.7063 -78.0977
-42.3361 -64.5133
-44.3639 -51.2224
-51.6146 -38.6965
-52.6595 -25.1113
-53.7045 -11.5261
-54.3543 2.06546
-54.3543 15.6676
-54.3543 29.2698
-54.3543 42.8719
-57.3589 56.1571
-57.9802 69.592
-57.8319 77.0006
-36.9072 77.0006
-17.2271 75.0475
3.69761 75.0475
24.6223 75.0475
45.547 75.0475
66.4717 75.0475
87.3964 75.0475
108.321 75.0475
129.246 75.0475
150.17 75.0475
171.095 75.0475
192.02 75.0475
