0.695312 -138.666
25.8202 -138.666
49.5121 -133.581
69.6829 -120.786
87.3834 -103.912
96.8235 -83.1023
103.87 -60.5472
111.45 -36.9707
118.67 -13.2814
123.644 9.70521
123.711 34.41
118.228 58.1378
103.268 76.7703
83.5843 91.8028
61.4619 102.298
36.8518 103.522
13.2554 111.334
-11.8694 111.334
-36.9943 111.334
-62.1191 111.334
-85.2325 104.874
-101.855 88.5114
-114.384 68.8879
-122.321 47.3917
-126.289 23.2933
-126.289 -1.43896
-126.036 -26.1309
-118.352 -48.6516
-103.656 -68.5685
-84.7659 -81.4309
-64.7929 -95.6972
-42.9555 -103.51
