-165.523 -76.4416
-144.454 -76.4416
-123.653 -77.5433
-102.979 -79.159
-81.9088 -79.159
-60.8389 -79.159
-39.769 -79.159
-18.6991 -79.159
2.37087 -79.159
23.4408 -79.159
44.5107 -79.159
65.5806 -79.159
84.4765 -77.7175
82.5305 -64.2817
76.2798 -51.2371
73.06 -37.9132
66.0943 -25.0512
60.3005 -11.7733
52.3159 1.11705
46.6669 14.574
41.123 28.052
34.809 41.3754
26.882 54.2816
20.0346 66.8297
10.7061 79.2061
3.97929 92.3175
-1.68472 105.751
-5.68739 119.094
-12.1992 132.163
-17.702 145.641
-17.9825 159.588
-22.0808 170.841
