21.1651 -129.911
-3.13173 -129.911
-27.4285 -129.911
-48.9555 -120.171
-67.5651 -105.906
-84.5029 -89.7803
-99.7333 -72.9916
-110.602 -50.9147
-116.335 -27.0774
-122.585 -2.88768
-122.585 22.3558
-119.028 46.7599
-108.641 68.7673
-94.5735 87.3852
-73.0472 97.3615
-51.4203 107.938
-28.7944 113.595
-6.10681 119.499
18.1201 120.089
42.1528 118.926
65.6327 113.223
81.9674 95.5079
95.1183 74.6502
106.203 52.4006
113.696 28.4664
119.832 5.02093
125.289 -19.2555
127.415 -44.3162
118.544 -64.627
100.971 -79.838
84.0136 -97.2626
64.9151 -107.184
