-93.8766 -125.797
-93.8766 -117.561
-93.8766 -109.325
-93.8766 -101.089
-93.8766 -92.8537
-93.8766 -84.618
-93.8766 -76.3823
-93.8766 -68.1465
-93.8766 -59.9108
-93.8766 -51.6751
-93.8766 -43.4393
-89.8975 -35.2547
-77.4377 -27.1789
-64.9779 -19.1031
-58.1623 -10.9548
-58.1623 -2.71909
-42.7612 5.19266
-22.6703 13.0058
-2.57949 20.8189
17.5113 28.632
37.6022 36.4451
57.693 44.2582
77.7839 52.0713
97.8747 59.8844
117.966 67.6975
120.409 75.8818
141.835 83.4619
156.123 91.2604
156.123 99.4961
156.123 107.732
156.123 115.968
156.123 124.203
